1212121234000000000000000000000000000000000000000000000000000000000051
1212121234000000000000000000000000000000000000000000000000000000000052
1212121234000000000000000000000000000000000000000000000000000000000053
1212121234000000000000000000000000000000000000000000000000000000000054
1212121234000000000000000000000000000000000000000000000000000000000055
1212121234000000000000000000000000000000000000000000000000000000000056
1212121234000000000000000000000000000000000000000000000000000000000057
1212121234000000000000000000000000000000000000000000000000000000000058
1212121234000000000000000000000000000000000000000000000000000000000059
1212121234000000000000000000000000000000000000000000000000000000000060
