1212121234000000000000000000000000000000000000000000000000000000000091
1212121234000000000000000000000000000000000000000000000000000000000092
1212121234000000000000000000000000000000000000000000000000000000000093
1212121234000000000000000000000000000000000000000000000000000000000094
1212121234000000000000000000000000000000000000000000000000000000000095
1212121234000000000000000000000000000000000000000000000000000000000096
1212121234000000000000000000000000000000000000000000000000000000000097
1212121234000000000000000000000000000000000000000000000000000000000098
1212121234000000000000000000000000000000000000000000000000000000000099
1212121234000000000000000000000000000000000000000000000000000000000100
