1212121234000000000000000000000000000000000000000000000000000000000011
1212121234000000000000000000000000000000000000000000000000000000000012
1212121234000000000000000000000000000000000000000000000000000000000013
1212121234000000000000000000000000000000000000000000000000000000000014
1212121234000000000000000000000000000000000000000000000000000000000015
1212121234000000000000000000000000000000000000000000000000000000000016
1212121234000000000000000000000000000000000000000000000000000000000017
1212121234000000000000000000000000000000000000000000000000000000000018
1212121234000000000000000000000000000000000000000000000000000000000019
1212121234000000000000000000000000000000000000000000000000000000000020
