1212121234000000000000000000000000000000000000000000000000000000000001
1212121234000000000000000000000000000000000000000000000000000000000002
1212121234000000000000000000000000000000000000000000000000000000000003
1212121234000000000000000000000000000000000000000000000000000000000004
1212121234000000000000000000000000000000000000000000000000000000000005
1212121234000000000000000000000000000000000000000000000000000000000006
1212121234000000000000000000000000000000000000000000000000000000000007
1212121234000000000000000000000000000000000000000000000000000000000008
1212121234000000000000000000000000000000000000000000000000000000000009
1212121234000000000000000000000000000000000000000000000000000000000010
