1212121234000000000000000000000000000000000000000000000000000000000021
1212121234000000000000000000000000000000000000000000000000000000000022
1212121234000000000000000000000000000000000000000000000000000000000023
1212121234000000000000000000000000000000000000000000000000000000000024
1212121234000000000000000000000000000000000000000000000000000000000025
1212121234000000000000000000000000000000000000000000000000000000000026
1212121234000000000000000000000000000000000000000000000000000000000027
1212121234000000000000000000000000000000000000000000000000000000000028
1212121234000000000000000000000000000000000000000000000000000000000029
1212121234000000000000000000000000000000000000000000000000000000000030
