1212121234000000000000000000000000000000000000000000000000000000000031
1212121234000000000000000000000000000000000000000000000000000000000032
1212121234000000000000000000000000000000000000000000000000000000000033
1212121234000000000000000000000000000000000000000000000000000000000034
1212121234000000000000000000000000000000000000000000000000000000000035
1212121234000000000000000000000000000000000000000000000000000000000036
1212121234000000000000000000000000000000000000000000000000000000000037
1212121234000000000000000000000000000000000000000000000000000000000038
1212121234000000000000000000000000000000000000000000000000000000000039
1212121234000000000000000000000000000000000000000000000000000000000040
