1212121234 0





2 1 11 1 61 1 173 1 17963431 1 290641850637985139892762486673483149849597587218679665511 1 




3 1 139 2 1201 1 10136518781 1 1717763487777498414065812322238137054163361555204037 1 

70340041 1 17232307754839096553839085763398972144471738365918780172448293 1 

5 1 9199 1 26353326100663115556038699858680291336014784215675616914882052397 1 


2 1 26181140539 1 23148747706281123981403184659785000514717262982719440494731 1 
7 1 29 1 41 1 3343 1 12253 1 6749926783 1 526730288828380183029655849804017704437715371829 1 

17 1 2179 1 81439 1 25445171 1 97025867 1 162747591209797463591996609853140001348129689 1 





13 1 30347 1 3442949 1 178301821 1 5004959575160908979782446895516118297172882019333 1 

3 1 1249 1 323491121964238057112356551908193221243661595943421403789698425407 1 

7823093 1 266240713 1 581959950821850025002500133987107290210616895057945259 1 
2 5 3 1 31 1 4349 1 321007 1 66034523 1 4418126808599181799379743164653608382435622621013 1 


3 2 5 1 199 1 2609 1 6673 1 112757 1 68951187889164231381928921286454915634217671322651573 1 


2 1 3 1 17 1 172987 1 232663 1 295260327275303831886948076340136818270615347314511614949 1 
11 1 766477 1 430893649 1 333644641144494867485897090055046529270931745940178713 1 





5 1 19 2 3257 1 206182164475066275322616448527229227991362307648474157939813417 1 






2 2 2953 1 102617781408736877751439214358279715543515069420927869962749746021 1 
3 4 13 1 103 1 4243 1 2633949424411079511008043592075010279904386855336716024832069 1 
2 1 7 2 1873 1 6603622007692559137910369700469616570600477243753881691491332251 1 

2 3 3 1 50505051416666666666666666666666666666666666666666666666666666666669 1 





2 1 3 2 179 1 5880740648117 1 63971789068920274688651424950543549672005619442051113 1 
31 1 39100684967741935483870967741935483870967741935483870967741935483873 1 
2 6 19 1 3079 1 323744795494948804293943693270200509393001829028563614297191501 1 


61 1 101 1 2237 1 119993 1 732947646968953618103364208673495273704983625078923221767 1 




2 3 11 1 17 1 23 1 79 1 251 1 454889 1 828528251 1 4713820714092120290495246532483969374564270339 1 


5 2 7 1 241 1 28740278221695317131001778304682868998221695317131001778304682869 1 
2 2 631 1 19963 1 1164589 1 20656570436384585598763279079832793620981547307743182107 1 






3 1 11 1 19 1 63473196953 1 30457071685870021527990101420988805564511577560224542793 1 
2 2 303030308500000000000000000000000000000000000000000000000000000000021 1 



2 3 1289 1 117544727889837083010085337470907680372381691233514352211016291699 1 






3 1 5 1 23 1 83 1 1327 1 31899064664016309002597329457405652227862335617493729052707011 1 



1212121234000000000000000000000000000000000000000000000000000000000099 1 

