1212121234000000000000000000000000000000000000000000000000000000000071
1212121234000000000000000000000000000000000000000000000000000000000072
1212121234000000000000000000000000000000000000000000000000000000000073
1212121234000000000000000000000000000000000000000000000000000000000074
1212121234000000000000000000000000000000000000000000000000000000000075
1212121234000000000000000000000000000000000000000000000000000000000076
1212121234000000000000000000000000000000000000000000000000000000000077
1212121234000000000000000000000000000000000000000000000000000000000078
1212121234000000000000000000000000000000000000000000000000000000000079
1212121234000000000000000000000000000000000000000000000000000000000080
