1212121234000000000000000000000000000000000000000000000000000000000061
1212121234000000000000000000000000000000000000000000000000000000000062
1212121234000000000000000000000000000000000000000000000000000000000063
1212121234000000000000000000000000000000000000000000000000000000000064
1212121234000000000000000000000000000000000000000000000000000000000065
1212121234000000000000000000000000000000000000000000000000000000000066
1212121234000000000000000000000000000000000000000000000000000000000067
1212121234000000000000000000000000000000000000000000000000000000000068
1212121234000000000000000000000000000000000000000000000000000000000069
1212121234000000000000000000000000000000000000000000000000000000000070
