1212121234000000000000000000000000000000000000000000000000000000000041
1212121234000000000000000000000000000000000000000000000000000000000042
1212121234000000000000000000000000000000000000000000000000000000000043
1212121234000000000000000000000000000000000000000000000000000000000044
1212121234000000000000000000000000000000000000000000000000000000000045
1212121234000000000000000000000000000000000000000000000000000000000046
1212121234000000000000000000000000000000000000000000000000000000000047
1212121234000000000000000000000000000000000000000000000000000000000048
1212121234000000000000000000000000000000000000000000000000000000000049
1212121234000000000000000000000000000000000000000000000000000000000050
