1212121234000000000000000000000000000000000000000000000000000000000081
1212121234000000000000000000000000000000000000000000000000000000000082
1212121234000000000000000000000000000000000000000000000000000000000083
1212121234000000000000000000000000000000000000000000000000000000000084
1212121234000000000000000000000000000000000000000000000000000000000085
1212121234000000000000000000000000000000000000000000000000000000000086
1212121234000000000000000000000000000000000000000000000000000000000087
1212121234000000000000000000000000000000000000000000000000000000000088
1212121234000000000000000000000000000000000000000000000000000000000089
1212121234000000000000000000000000000000000000000000000000000000000090
