791020005900000000000000000000000000000000000000000000000000000000000000000000000000000081
791020005900000000000000000000000000000000000000000000000000000000000000000000000000000082
791020005900000000000000000000000000000000000000000000000000000000000000000000000000000083
791020005900000000000000000000000000000000000000000000000000000000000000000000000000000084
791020005900000000000000000000000000000000000000000000000000000000000000000000000000000085
791020005900000000000000000000000000000000000000000000000000000000000000000000000000000086
791020005900000000000000000000000000000000000000000000000000000000000000000000000000000087
791020005900000000000000000000000000000000000000000000000000000000000000000000000000000088
791020005900000000000000000000000000000000000000000000000000000000000000000000000000000089
791020005900000000000000000000000000000000000000000000000000000000000000000000000000000090
