7910200059000000000000000000000000000000000000000000000000000000000021
7910200059000000000000000000000000000000000000000000000000000000000022
7910200059000000000000000000000000000000000000000000000000000000000023
7910200059000000000000000000000000000000000000000000000000000000000024
7910200059000000000000000000000000000000000000000000000000000000000025
7910200059000000000000000000000000000000000000000000000000000000000026
7910200059000000000000000000000000000000000000000000000000000000000027
7910200059000000000000000000000000000000000000000000000000000000000028
7910200059000000000000000000000000000000000000000000000000000000000029
7910200059000000000000000000000000000000000000000000000000000000000030
