7910200059000000000000000000000000000000000000000000000000000000000001
7910200059000000000000000000000000000000000000000000000000000000000002
7910200059000000000000000000000000000000000000000000000000000000000003
7910200059000000000000000000000000000000000000000000000000000000000004
7910200059000000000000000000000000000000000000000000000000000000000005
7910200059000000000000000000000000000000000000000000000000000000000006
7910200059000000000000000000000000000000000000000000000000000000000007
7910200059000000000000000000000000000000000000000000000000000000000008
7910200059000000000000000000000000000000000000000000000000000000000009
7910200059000000000000000000000000000000000000000000000000000000000010
7910200059000000000000000000000000000000000000000000000000000000000011
7910200059000000000000000000000000000000000000000000000000000000000012
7910200059000000000000000000000000000000000000000000000000000000000013
7910200059000000000000000000000000000000000000000000000000000000000014
7910200059000000000000000000000000000000000000000000000000000000000015
7910200059000000000000000000000000000000000000000000000000000000000016
7910200059000000000000000000000000000000000000000000000000000000000017
7910200059000000000000000000000000000000000000000000000000000000000018
7910200059000000000000000000000000000000000000000000000000000000000019
7910200059000000000000000000000000000000000000000000000000000000000020
7910200059000000000000000000000000000000000000000000000000000000000021
7910200059000000000000000000000000000000000000000000000000000000000022
7910200059000000000000000000000000000000000000000000000000000000000023
7910200059000000000000000000000000000000000000000000000000000000000024
7910200059000000000000000000000000000000000000000000000000000000000025
7910200059000000000000000000000000000000000000000000000000000000000026
7910200059000000000000000000000000000000000000000000000000000000000027
7910200059000000000000000000000000000000000000000000000000000000000028
7910200059000000000000000000000000000000000000000000000000000000000029
7910200059000000000000000000000000000000000000000000000000000000000030
7910200059000000000000000000000000000000000000000000000000000000000031
7910200059000000000000000000000000000000000000000000000000000000000032
7910200059000000000000000000000000000000000000000000000000000000000033
7910200059000000000000000000000000000000000000000000000000000000000034
7910200059000000000000000000000000000000000000000000000000000000000035
7910200059000000000000000000000000000000000000000000000000000000000036
7910200059000000000000000000000000000000000000000000000000000000000037
7910200059000000000000000000000000000000000000000000000000000000000038
7910200059000000000000000000000000000000000000000000000000000000000039
7910200059000000000000000000000000000000000000000000000000000000000040
7910200059000000000000000000000000000000000000000000000000000000000041
7910200059000000000000000000000000000000000000000000000000000000000042
7910200059000000000000000000000000000000000000000000000000000000000043
7910200059000000000000000000000000000000000000000000000000000000000044
7910200059000000000000000000000000000000000000000000000000000000000045
7910200059000000000000000000000000000000000000000000000000000000000046
7910200059000000000000000000000000000000000000000000000000000000000047
7910200059000000000000000000000000000000000000000000000000000000000048
7910200059000000000000000000000000000000000000000000000000000000000049
7910200059000000000000000000000000000000000000000000000000000000000050
7910200059000000000000000000000000000000000000000000000000000000000051
7910200059000000000000000000000000000000000000000000000000000000000052
7910200059000000000000000000000000000000000000000000000000000000000053
7910200059000000000000000000000000000000000000000000000000000000000054
7910200059000000000000000000000000000000000000000000000000000000000055
7910200059000000000000000000000000000000000000000000000000000000000056
7910200059000000000000000000000000000000000000000000000000000000000057
7910200059000000000000000000000000000000000000000000000000000000000058
7910200059000000000000000000000000000000000000000000000000000000000059
7910200059000000000000000000000000000000000000000000000000000000000060
7910200059000000000000000000000000000000000000000000000000000000000061
7910200059000000000000000000000000000000000000000000000000000000000062
7910200059000000000000000000000000000000000000000000000000000000000063
7910200059000000000000000000000000000000000000000000000000000000000064
7910200059000000000000000000000000000000000000000000000000000000000065
7910200059000000000000000000000000000000000000000000000000000000000066
7910200059000000000000000000000000000000000000000000000000000000000067
7910200059000000000000000000000000000000000000000000000000000000000068
7910200059000000000000000000000000000000000000000000000000000000000069
7910200059000000000000000000000000000000000000000000000000000000000070
7910200059000000000000000000000000000000000000000000000000000000000071
7910200059000000000000000000000000000000000000000000000000000000000072
7910200059000000000000000000000000000000000000000000000000000000000073
7910200059000000000000000000000000000000000000000000000000000000000074
7910200059000000000000000000000000000000000000000000000000000000000075
7910200059000000000000000000000000000000000000000000000000000000000076
7910200059000000000000000000000000000000000000000000000000000000000077
7910200059000000000000000000000000000000000000000000000000000000000078
7910200059000000000000000000000000000000000000000000000000000000000079
7910200059000000000000000000000000000000000000000000000000000000000080
7910200059000000000000000000000000000000000000000000000000000000000081
7910200059000000000000000000000000000000000000000000000000000000000082
7910200059000000000000000000000000000000000000000000000000000000000083
7910200059000000000000000000000000000000000000000000000000000000000084
7910200059000000000000000000000000000000000000000000000000000000000085
7910200059000000000000000000000000000000000000000000000000000000000086
7910200059000000000000000000000000000000000000000000000000000000000087
7910200059000000000000000000000000000000000000000000000000000000000088
7910200059000000000000000000000000000000000000000000000000000000000089
7910200059000000000000000000000000000000000000000000000000000000000090
7910200059000000000000000000000000000000000000000000000000000000000091
7910200059000000000000000000000000000000000000000000000000000000000092
7910200059000000000000000000000000000000000000000000000000000000000093
7910200059000000000000000000000000000000000000000000000000000000000094
7910200059000000000000000000000000000000000000000000000000000000000095
7910200059000000000000000000000000000000000000000000000000000000000096
7910200059000000000000000000000000000000000000000000000000000000000097
7910200059000000000000000000000000000000000000000000000000000000000098
7910200059000000000000000000000000000000000000000000000000000000000099
7910200059000000000000000000000000000000000000000000000000000000000100
