7910200059000000000000000000000000000000000000000000000000000000000071
7910200059000000000000000000000000000000000000000000000000000000000072
7910200059000000000000000000000000000000000000000000000000000000000073
7910200059000000000000000000000000000000000000000000000000000000000074
7910200059000000000000000000000000000000000000000000000000000000000075
7910200059000000000000000000000000000000000000000000000000000000000076
7910200059000000000000000000000000000000000000000000000000000000000077
7910200059000000000000000000000000000000000000000000000000000000000078
7910200059000000000000000000000000000000000000000000000000000000000079
7910200059000000000000000000000000000000000000000000000000000000000080
