791020005900000000000000000000000000000000000000000000000000000000000000000000000000000061
791020005900000000000000000000000000000000000000000000000000000000000000000000000000000062
791020005900000000000000000000000000000000000000000000000000000000000000000000000000000063
791020005900000000000000000000000000000000000000000000000000000000000000000000000000000064
791020005900000000000000000000000000000000000000000000000000000000000000000000000000000065
791020005900000000000000000000000000000000000000000000000000000000000000000000000000000066
791020005900000000000000000000000000000000000000000000000000000000000000000000000000000067
791020005900000000000000000000000000000000000000000000000000000000000000000000000000000068
791020005900000000000000000000000000000000000000000000000000000000000000000000000000000069
791020005900000000000000000000000000000000000000000000000000000000000000000000000000000070
