7910200059000000000000000000000000000000000000000000000000000000000031
7910200059000000000000000000000000000000000000000000000000000000000032
7910200059000000000000000000000000000000000000000000000000000000000033
7910200059000000000000000000000000000000000000000000000000000000000034
7910200059000000000000000000000000000000000000000000000000000000000035
7910200059000000000000000000000000000000000000000000000000000000000036
7910200059000000000000000000000000000000000000000000000000000000000037
7910200059000000000000000000000000000000000000000000000000000000000038
7910200059000000000000000000000000000000000000000000000000000000000039
7910200059000000000000000000000000000000000000000000000000000000000040
