7910200059 0
1130028579857142857142857142857142857142857142857142857142857142857143 1 7 1 
2 1 84699805664369864481382714733793530396278202635487190276117167 1 75437 1 619 1 

2 2 897662285406264185201997276441216522923286427598729005901044030867 1 2203 1 




3 1 8365634759 1 887147857 1 952494493566457908063492629561460709290202252897 1 373 1 



242338492571992242545836584472696265547987766719163842442788653 1 173 1 188677 1 
1421632637 1 2 1 607213 1 107 1 42819860493446041441619020871537864961796561854759421 1 



3 1 8647 1 2 1 465650441 1 13 1 25186474862604378869306922827749609272266648529498392753 1 


2425397380758633825592360530298187749700480213335969 1 2169929293279403 1 3 2 167 1 









12841 1 13 2 3645036796890876072344086457533169687147630394322180847313685039 1 
79 1 2 5 8088706932433128797453893038442288584617117093 1 113 1 401 1 6772981 1 2083 1 605117 1 
1188934377809 1 3 1 111993416857725646479881294840176160660035985841631 1 19802309 1 



171131 1 1241789 1 37222965593852270020003544340528044349483938649649174538443 1 



211 1 779707 1 14797761742552410290464043898461284956071547153169987 1 163 1 127 1 751 1 19 1 11 1 

7 1 1130028579857142857142857142857142857142857142857142857142857142857149 1 
1021289147 1 2 2 13873 1 3331 1 242261 1 1151 1 5039743 1 13 1 2293628986986988598505925833662680699 1 
3 1 14252612718918918918918918918918918918918918918918918918918918918919 1 5 1 37 1 
26819002075860242281250863192123447041433758678443118060167 1 2 1 103 1 1431784423 1 

3 2 2 4 253627308176306627923562042906886880203203209493391902037719 1 216585293 1 


3 1 41 1 23 1 3257 1 76154795189585948338800152035234812997144755546247754598079 1 11273 1 
2 2 23858078303 1 32781171781100033057715808246788951115381054097 1 229866063113 1 11 1 
7910200059000000000000000000000000000000000000000000000000000000000053 1 
3 1 11052612540974673250559602954368256470016180280178737602803464089 1 2 1 1181 1 101 1 




43 1 657663639419362453817338640618281629968613641983050900697597 1 3142861 1 89 1 


2 1 267978862355173114709668676739616505183277999864489464055830340809 1 14759 1 








7950644230547716630552991349346167136314669587436146076397 1 1571 1 7 1 827 1 109397 1 
3 1 329591669125000000000000000000000000000000000000000000000000000000003 1 2 3 
15791 1 1727779500309536483140472680431568290654672119224649173693 1 17 1 279583 1 61 1 
239 1 2 1 12362314808347594242886301 1 9401627 1 23 1 562776862488869096099659898408393 1 11 1 
3 2 3105418665017813502929658746282719429967906250920118952978241027 1 5 2 11321 1 
2 2 11066655203379653704372214699318165834329284264679441 1 919 1 155587063 1 1249747 1 

3 1 2 1 7 1 829 1 180955925992914323897610029655768016717566910960491145650437 1 3793 1 331 1 



2 1 35291 1 451818799659620350236043862511228694106271365775397 1 2636216813 1 2543 1 37 1 


7 1 973491962870496405535549694438215498099608267314135580211 1 5 1 21105437911 1 11 1 
2 1 19680381930641 1 227595277220710660850459171547260185085887078499054681 1 883 1 
687073 1 3 1 64287794571010777824998762805438893144360283341136289 1 222059 1 268823 1 





3 4 97656790851851851851851851851851851851851851851851851851851851851853 1 

5 1 53 1 29849811543396226415094339622641509433962264150943396226415094339623 1 
3 1 2 5 675706746067982944179359443430647215020119106167697717 1 71 1 13 1 16385497 1 733 1 11 1 




