7910200059000000000000000000000000000000000000000000000000000000000001
7910200059000000000000000000000000000000000000000000000000000000000002
7910200059000000000000000000000000000000000000000000000000000000000003
7910200059000000000000000000000000000000000000000000000000000000000004
7910200059000000000000000000000000000000000000000000000000000000000005
7910200059000000000000000000000000000000000000000000000000000000000006
7910200059000000000000000000000000000000000000000000000000000000000007
7910200059000000000000000000000000000000000000000000000000000000000008
7910200059000000000000000000000000000000000000000000000000000000000009
7910200059000000000000000000000000000000000000000000000000000000000010
