7910200059000000000000000000000000000000000000000000000000000000000011
7910200059000000000000000000000000000000000000000000000000000000000012
7910200059000000000000000000000000000000000000000000000000000000000013
7910200059000000000000000000000000000000000000000000000000000000000014
7910200059000000000000000000000000000000000000000000000000000000000015
7910200059000000000000000000000000000000000000000000000000000000000016
7910200059000000000000000000000000000000000000000000000000000000000017
7910200059000000000000000000000000000000000000000000000000000000000018
7910200059000000000000000000000000000000000000000000000000000000000019
7910200059000000000000000000000000000000000000000000000000000000000020
