7910200059000000000000000000000000000000000000000000000000000000000041
7910200059000000000000000000000000000000000000000000000000000000000042
7910200059000000000000000000000000000000000000000000000000000000000043
7910200059000000000000000000000000000000000000000000000000000000000044
7910200059000000000000000000000000000000000000000000000000000000000045
7910200059000000000000000000000000000000000000000000000000000000000046
7910200059000000000000000000000000000000000000000000000000000000000047
7910200059000000000000000000000000000000000000000000000000000000000048
7910200059000000000000000000000000000000000000000000000000000000000049
7910200059000000000000000000000000000000000000000000000000000000000050
