7910200059000000000000000000000000000000000000000000000000000000000091
7910200059000000000000000000000000000000000000000000000000000000000092
7910200059000000000000000000000000000000000000000000000000000000000093
7910200059000000000000000000000000000000000000000000000000000000000094
7910200059000000000000000000000000000000000000000000000000000000000095
7910200059000000000000000000000000000000000000000000000000000000000096
7910200059000000000000000000000000000000000000000000000000000000000097
7910200059000000000000000000000000000000000000000000000000000000000098
7910200059000000000000000000000000000000000000000000000000000000000099
7910200059000000000000000000000000000000000000000000000000000000000100
