7910200059000000000000000000000000000000000000000000000000000000000051
7910200059000000000000000000000000000000000000000000000000000000000052
7910200059000000000000000000000000000000000000000000000000000000000053
7910200059000000000000000000000000000000000000000000000000000000000054
7910200059000000000000000000000000000000000000000000000000000000000055
7910200059000000000000000000000000000000000000000000000000000000000056
7910200059000000000000000000000000000000000000000000000000000000000057
7910200059000000000000000000000000000000000000000000000000000000000058
7910200059000000000000000000000000000000000000000000000000000000000059
7910200059000000000000000000000000000000000000000000000000000000000060
