9106175632000000000000000000000000000000000000000000000000000000000041
9106175632000000000000000000000000000000000000000000000000000000000042
9106175632000000000000000000000000000000000000000000000000000000000043
9106175632000000000000000000000000000000000000000000000000000000000044
9106175632000000000000000000000000000000000000000000000000000000000045
9106175632000000000000000000000000000000000000000000000000000000000046
9106175632000000000000000000000000000000000000000000000000000000000047
9106175632000000000000000000000000000000000000000000000000000000000048
9106175632000000000000000000000000000000000000000000000000000000000049
9106175632000000000000000000000000000000000000000000000000000000000050
