9106175632000000000000000000000000000000000000000000000000000000000051
9106175632000000000000000000000000000000000000000000000000000000000052
9106175632000000000000000000000000000000000000000000000000000000000053
9106175632000000000000000000000000000000000000000000000000000000000054
9106175632000000000000000000000000000000000000000000000000000000000055
9106175632000000000000000000000000000000000000000000000000000000000056
9106175632000000000000000000000000000000000000000000000000000000000057
9106175632000000000000000000000000000000000000000000000000000000000058
9106175632000000000000000000000000000000000000000000000000000000000059
9106175632000000000000000000000000000000000000000000000000000000000060
