9106175632000000000000000000000000000000000000000000000000000000000001
9106175632000000000000000000000000000000000000000000000000000000000002
9106175632000000000000000000000000000000000000000000000000000000000003
9106175632000000000000000000000000000000000000000000000000000000000004
9106175632000000000000000000000000000000000000000000000000000000000005
9106175632000000000000000000000000000000000000000000000000000000000006
9106175632000000000000000000000000000000000000000000000000000000000007
9106175632000000000000000000000000000000000000000000000000000000000008
9106175632000000000000000000000000000000000000000000000000000000000009
9106175632000000000000000000000000000000000000000000000000000000000010
9106175632000000000000000000000000000000000000000000000000000000000011
9106175632000000000000000000000000000000000000000000000000000000000012
9106175632000000000000000000000000000000000000000000000000000000000013
9106175632000000000000000000000000000000000000000000000000000000000014
9106175632000000000000000000000000000000000000000000000000000000000015
9106175632000000000000000000000000000000000000000000000000000000000016
9106175632000000000000000000000000000000000000000000000000000000000017
9106175632000000000000000000000000000000000000000000000000000000000018
9106175632000000000000000000000000000000000000000000000000000000000019
9106175632000000000000000000000000000000000000000000000000000000000020
9106175632000000000000000000000000000000000000000000000000000000000021
9106175632000000000000000000000000000000000000000000000000000000000022
9106175632000000000000000000000000000000000000000000000000000000000023
9106175632000000000000000000000000000000000000000000000000000000000024
9106175632000000000000000000000000000000000000000000000000000000000025
9106175632000000000000000000000000000000000000000000000000000000000026
9106175632000000000000000000000000000000000000000000000000000000000027
9106175632000000000000000000000000000000000000000000000000000000000028
9106175632000000000000000000000000000000000000000000000000000000000029
9106175632000000000000000000000000000000000000000000000000000000000030
9106175632000000000000000000000000000000000000000000000000000000000031
9106175632000000000000000000000000000000000000000000000000000000000032
9106175632000000000000000000000000000000000000000000000000000000000033
9106175632000000000000000000000000000000000000000000000000000000000034
9106175632000000000000000000000000000000000000000000000000000000000035
9106175632000000000000000000000000000000000000000000000000000000000036
9106175632000000000000000000000000000000000000000000000000000000000037
9106175632000000000000000000000000000000000000000000000000000000000038
9106175632000000000000000000000000000000000000000000000000000000000039
9106175632000000000000000000000000000000000000000000000000000000000040
9106175632000000000000000000000000000000000000000000000000000000000041
9106175632000000000000000000000000000000000000000000000000000000000042
9106175632000000000000000000000000000000000000000000000000000000000043
9106175632000000000000000000000000000000000000000000000000000000000044
9106175632000000000000000000000000000000000000000000000000000000000045
9106175632000000000000000000000000000000000000000000000000000000000046
9106175632000000000000000000000000000000000000000000000000000000000047
9106175632000000000000000000000000000000000000000000000000000000000048
9106175632000000000000000000000000000000000000000000000000000000000049
9106175632000000000000000000000000000000000000000000000000000000000050
9106175632000000000000000000000000000000000000000000000000000000000051
9106175632000000000000000000000000000000000000000000000000000000000052
9106175632000000000000000000000000000000000000000000000000000000000053
9106175632000000000000000000000000000000000000000000000000000000000054
9106175632000000000000000000000000000000000000000000000000000000000055
9106175632000000000000000000000000000000000000000000000000000000000056
9106175632000000000000000000000000000000000000000000000000000000000057
9106175632000000000000000000000000000000000000000000000000000000000058
9106175632000000000000000000000000000000000000000000000000000000000059
9106175632000000000000000000000000000000000000000000000000000000000060
9106175632000000000000000000000000000000000000000000000000000000000061
9106175632000000000000000000000000000000000000000000000000000000000062
9106175632000000000000000000000000000000000000000000000000000000000063
9106175632000000000000000000000000000000000000000000000000000000000064
9106175632000000000000000000000000000000000000000000000000000000000065
9106175632000000000000000000000000000000000000000000000000000000000066
9106175632000000000000000000000000000000000000000000000000000000000067
9106175632000000000000000000000000000000000000000000000000000000000068
9106175632000000000000000000000000000000000000000000000000000000000069
9106175632000000000000000000000000000000000000000000000000000000000070
9106175632000000000000000000000000000000000000000000000000000000000071
9106175632000000000000000000000000000000000000000000000000000000000072
9106175632000000000000000000000000000000000000000000000000000000000073
9106175632000000000000000000000000000000000000000000000000000000000074
9106175632000000000000000000000000000000000000000000000000000000000075
9106175632000000000000000000000000000000000000000000000000000000000076
9106175632000000000000000000000000000000000000000000000000000000000077
9106175632000000000000000000000000000000000000000000000000000000000078
9106175632000000000000000000000000000000000000000000000000000000000079
9106175632000000000000000000000000000000000000000000000000000000000080
9106175632000000000000000000000000000000000000000000000000000000000081
9106175632000000000000000000000000000000000000000000000000000000000082
9106175632000000000000000000000000000000000000000000000000000000000083
9106175632000000000000000000000000000000000000000000000000000000000084
9106175632000000000000000000000000000000000000000000000000000000000085
9106175632000000000000000000000000000000000000000000000000000000000086
9106175632000000000000000000000000000000000000000000000000000000000087
9106175632000000000000000000000000000000000000000000000000000000000088
9106175632000000000000000000000000000000000000000000000000000000000089
9106175632000000000000000000000000000000000000000000000000000000000090
9106175632000000000000000000000000000000000000000000000000000000000091
9106175632000000000000000000000000000000000000000000000000000000000092
9106175632000000000000000000000000000000000000000000000000000000000093
9106175632000000000000000000000000000000000000000000000000000000000094
9106175632000000000000000000000000000000000000000000000000000000000095
9106175632000000000000000000000000000000000000000000000000000000000096
9106175632000000000000000000000000000000000000000000000000000000000097
9106175632000000000000000000000000000000000000000000000000000000000098
9106175632000000000000000000000000000000000000000000000000000000000099
9106175632000000000000000000000000000000000000000000000000000000000100
