9106175632000000000000000000000000000000000000000000000000000000000001
9106175632000000000000000000000000000000000000000000000000000000000002
9106175632000000000000000000000000000000000000000000000000000000000003
9106175632000000000000000000000000000000000000000000000000000000000004
9106175632000000000000000000000000000000000000000000000000000000000005
9106175632000000000000000000000000000000000000000000000000000000000006
9106175632000000000000000000000000000000000000000000000000000000000007
9106175632000000000000000000000000000000000000000000000000000000000008
9106175632000000000000000000000000000000000000000000000000000000000009
9106175632000000000000000000000000000000000000000000000000000000000010
