9106175632000000000000000000000000000000000000000000000000000000000021
9106175632000000000000000000000000000000000000000000000000000000000022
9106175632000000000000000000000000000000000000000000000000000000000023
9106175632000000000000000000000000000000000000000000000000000000000024
9106175632000000000000000000000000000000000000000000000000000000000025
9106175632000000000000000000000000000000000000000000000000000000000026
9106175632000000000000000000000000000000000000000000000000000000000027
9106175632000000000000000000000000000000000000000000000000000000000028
9106175632000000000000000000000000000000000000000000000000000000000029
9106175632000000000000000000000000000000000000000000000000000000000030
