9106175632000000000000000000000000000000000000000000000000000000000061
9106175632000000000000000000000000000000000000000000000000000000000062
9106175632000000000000000000000000000000000000000000000000000000000063
9106175632000000000000000000000000000000000000000000000000000000000064
9106175632000000000000000000000000000000000000000000000000000000000065
9106175632000000000000000000000000000000000000000000000000000000000066
9106175632000000000000000000000000000000000000000000000000000000000067
9106175632000000000000000000000000000000000000000000000000000000000068
9106175632000000000000000000000000000000000000000000000000000000000069
9106175632000000000000000000000000000000000000000000000000000000000070
