9106175632000000000000000000000000000000000000000000000000000000000091
9106175632000000000000000000000000000000000000000000000000000000000092
9106175632000000000000000000000000000000000000000000000000000000000093
9106175632000000000000000000000000000000000000000000000000000000000094
9106175632000000000000000000000000000000000000000000000000000000000095
9106175632000000000000000000000000000000000000000000000000000000000096
9106175632000000000000000000000000000000000000000000000000000000000097
9106175632000000000000000000000000000000000000000000000000000000000098
9106175632000000000000000000000000000000000000000000000000000000000099
9106175632000000000000000000000000000000000000000000000000000000000100
