9106175632000000000000000000000000000000000000000000000000000000000081
9106175632000000000000000000000000000000000000000000000000000000000082
9106175632000000000000000000000000000000000000000000000000000000000083
9106175632000000000000000000000000000000000000000000000000000000000084
9106175632000000000000000000000000000000000000000000000000000000000085
9106175632000000000000000000000000000000000000000000000000000000000086
9106175632000000000000000000000000000000000000000000000000000000000087
9106175632000000000000000000000000000000000000000000000000000000000088
9106175632000000000000000000000000000000000000000000000000000000000089
9106175632000000000000000000000000000000000000000000000000000000000090
