9106175632000000000000000000000000000000000000000000000000000000000011
9106175632000000000000000000000000000000000000000000000000000000000012
9106175632000000000000000000000000000000000000000000000000000000000013
9106175632000000000000000000000000000000000000000000000000000000000014
9106175632000000000000000000000000000000000000000000000000000000000015
9106175632000000000000000000000000000000000000000000000000000000000016
9106175632000000000000000000000000000000000000000000000000000000000017
9106175632000000000000000000000000000000000000000000000000000000000018
9106175632000000000000000000000000000000000000000000000000000000000019
9106175632000000000000000000000000000000000000000000000000000000000020
