9106175632000000000000000000000000000000000000000000000000000000000031
9106175632000000000000000000000000000000000000000000000000000000000032
9106175632000000000000000000000000000000000000000000000000000000000033
9106175632000000000000000000000000000000000000000000000000000000000034
9106175632000000000000000000000000000000000000000000000000000000000035
9106175632000000000000000000000000000000000000000000000000000000000036
9106175632000000000000000000000000000000000000000000000000000000000037
9106175632000000000000000000000000000000000000000000000000000000000038
9106175632000000000000000000000000000000000000000000000000000000000039
9106175632000000000000000000000000000000000000000000000000000000000040
