9106175632000000000000000000000000000000000000000000000000000000000071
9106175632000000000000000000000000000000000000000000000000000000000072
9106175632000000000000000000000000000000000000000000000000000000000073
9106175632000000000000000000000000000000000000000000000000000000000074
9106175632000000000000000000000000000000000000000000000000000000000075
9106175632000000000000000000000000000000000000000000000000000000000076
9106175632000000000000000000000000000000000000000000000000000000000077
9106175632000000000000000000000000000000000000000000000000000000000078
9106175632000000000000000000000000000000000000000000000000000000000079
9106175632000000000000000000000000000000000000000000000000000000000080
