791020005900000000000000000000000000000000000000000000000000000000000000000000000000000051
791020005900000000000000000000000000000000000000000000000000000000000000000000000000000052
791020005900000000000000000000000000000000000000000000000000000000000000000000000000000053
791020005900000000000000000000000000000000000000000000000000000000000000000000000000000054
791020005900000000000000000000000000000000000000000000000000000000000000000000000000000055
791020005900000000000000000000000000000000000000000000000000000000000000000000000000000056
791020005900000000000000000000000000000000000000000000000000000000000000000000000000000057
791020005900000000000000000000000000000000000000000000000000000000000000000000000000000058
791020005900000000000000000000000000000000000000000000000000000000000000000000000000000059
791020005900000000000000000000000000000000000000000000000000000000000000000000000000000060
