791020005900000000000000000000000000000000000000000000000000000000000000000000000000000001
791020005900000000000000000000000000000000000000000000000000000000000000000000000000000002
791020005900000000000000000000000000000000000000000000000000000000000000000000000000000003
791020005900000000000000000000000000000000000000000000000000000000000000000000000000000004
791020005900000000000000000000000000000000000000000000000000000000000000000000000000000005
791020005900000000000000000000000000000000000000000000000000000000000000000000000000000006
791020005900000000000000000000000000000000000000000000000000000000000000000000000000000007
791020005900000000000000000000000000000000000000000000000000000000000000000000000000000008
791020005900000000000000000000000000000000000000000000000000000000000000000000000000000009
791020005900000000000000000000000000000000000000000000000000000000000000000000000000000010
