791020005900000000000000000000000000000000000000000000000000000000000000000000000000000021
791020005900000000000000000000000000000000000000000000000000000000000000000000000000000022
791020005900000000000000000000000000000000000000000000000000000000000000000000000000000023
791020005900000000000000000000000000000000000000000000000000000000000000000000000000000024
791020005900000000000000000000000000000000000000000000000000000000000000000000000000000025
791020005900000000000000000000000000000000000000000000000000000000000000000000000000000026
791020005900000000000000000000000000000000000000000000000000000000000000000000000000000027
791020005900000000000000000000000000000000000000000000000000000000000000000000000000000028
791020005900000000000000000000000000000000000000000000000000000000000000000000000000000029
791020005900000000000000000000000000000000000000000000000000000000000000000000000000000030
