791020005900000000000000000000000000000000000000000000000000000000000000000000000000000091
791020005900000000000000000000000000000000000000000000000000000000000000000000000000000092
791020005900000000000000000000000000000000000000000000000000000000000000000000000000000093
791020005900000000000000000000000000000000000000000000000000000000000000000000000000000094
791020005900000000000000000000000000000000000000000000000000000000000000000000000000000095
791020005900000000000000000000000000000000000000000000000000000000000000000000000000000096
791020005900000000000000000000000000000000000000000000000000000000000000000000000000000097
791020005900000000000000000000000000000000000000000000000000000000000000000000000000000098
791020005900000000000000000000000000000000000000000000000000000000000000000000000000000099
791020005900000000000000000000000000000000000000000000000000000000000000000000000000000100
