791020005900000000000000000000000000000000000000000000000000000000000000000000000000000041
791020005900000000000000000000000000000000000000000000000000000000000000000000000000000042
791020005900000000000000000000000000000000000000000000000000000000000000000000000000000043
791020005900000000000000000000000000000000000000000000000000000000000000000000000000000044
791020005900000000000000000000000000000000000000000000000000000000000000000000000000000045
791020005900000000000000000000000000000000000000000000000000000000000000000000000000000046
791020005900000000000000000000000000000000000000000000000000000000000000000000000000000047
791020005900000000000000000000000000000000000000000000000000000000000000000000000000000048
791020005900000000000000000000000000000000000000000000000000000000000000000000000000000049
791020005900000000000000000000000000000000000000000000000000000000000000000000000000000050
