791020005900000000000000000000000000000000000000000000000000000000000000000000000000000011
791020005900000000000000000000000000000000000000000000000000000000000000000000000000000012
791020005900000000000000000000000000000000000000000000000000000000000000000000000000000013
791020005900000000000000000000000000000000000000000000000000000000000000000000000000000014
791020005900000000000000000000000000000000000000000000000000000000000000000000000000000015
791020005900000000000000000000000000000000000000000000000000000000000000000000000000000016
791020005900000000000000000000000000000000000000000000000000000000000000000000000000000017
791020005900000000000000000000000000000000000000000000000000000000000000000000000000000018
791020005900000000000000000000000000000000000000000000000000000000000000000000000000000019
791020005900000000000000000000000000000000000000000000000000000000000000000000000000000020
