7910200059 0



2 2 269 1 21187 1 34698102816256654541792215644614788861023883095880320804140436119995725793136458967 1 






2311 1 399769 1 73018879 1 11725820641211599271485183276385597864666116684311632191744097788518804251 1 






2 1 3 1 613 1 4231 1 56993 1 891889804277653603930420705992886349749868670877423210730139374099433733591457 1 









2 2 197755001475000000000000000000000000000000000000000000000000000000000000000000000000000007 1 
















3 1 5 1 13 1 4056512850769230769230769230769230769230769230769230769230769230769230769230769230769231 1 




2 1 5 2 15820400118000000000000000000000000000000000000000000000000000000000000000000000000000001 1 
3 1 7 1 41 1 918722422648083623693379790940766550522648083623693379790940766550522648083623693379791 1 






2 1 7 2 13 1 57460499 1 10805594015069922037892205661595501785666908617596134995821045486970893272309883 1 


23 1 457 1 75256398620492817048806012748549138997240985634097612025497098277994481971268195224051 1 



5 1 7 1 227 1 99561989414726242920075519194461925739458779106356198867212083071113908118313404657017 1 



3 1 53 1 134917 1 36874290049186075408206946520998724442882493373633908534401513942674189204515816223 1 



791020005900000000000000000000000000000000000000000000000000000000000000000000000000000073 1 
2 1 11 2 131 1 24951738246798309254936597060122389754589615797110592391647214686770550753895653271087 1 







2 1 109 1 1827181 1 1985863544528956519771327294877547093663292794105065712370310009158390272910952129 1 

2 2 3 2 13 1 23 1 73487551644370122630992196209587513935340022296544035674470457079152731326644370122631 1 



2 3 17 1 479 1 727 1 117582259 1 142048559916029840060559455728918059563095209667940373681821902256721999089 1 

2 1 3 1 5 1 26367333530000000000000000000000000000000000000000000000000000000000000000000000000000003 1 


3 3 7 1 4185291036507936507936507936507936507936507936507936507936507936507936507936507936507937 1 






2 2 5 2 7 1 47 1 24043161273556231003039513677811550151975683890577507598784194528875379939209726443769 1 
